{
  "advancedEditorSelectedIdentifier" : "BehaviorsPluginID",
  "openSceneRelativePaths" : [
    "planetario\/escena.usda"
  ],
  "recentIdentifiers" : {
    "15D1689F-B458-4782-94AD-31201863598C" : [

    ],
    "F61955FE-7685-4F08-9B97-CC386258F4B2" : [

    ]
  },
  "sceneCameraHistory" : {
    "15D1689F-B458-4782-94AD-31201863598C" : [
      {
        "date" : 799162539.096839,
        "title" : "Untitled",
        "transform" : [
          1,
          0,
          0,
          0,
          0,
          0.7071069,
          -0.70710677,
          0,
          0,
          0.70710677,
          0.7071069,
          0,
          0.08582158,
          0.51662904,
          0.32932064,
          1
        ]
      },
      {
        "date" : 799161030.432719,
        "title" : "Untitled",
        "transform" : [
          1,
          0,
          0,
          0,
          0,
          0.7071069,
          -0.70710677,
          0,
          0,
          0.70710677,
          0.7071069,
          0,
          0.05603648,
          0.520273,
          0.32567662,
          1
        ]
      },
      {
        "date" : 798732673.707813,
        "title" : "Untitled",
        "transform" : [
          1,
          0,
          0,
          0,
          0,
          0.7071069,
          -0.70710677,
          0,
          0,
          0.70710677,
          0.7071069,
          0,
          0.057294138,
          0.51866704,
          0.3272826,
          1
        ]
      },
      {
        "date" : 798125131.502839,
        "title" : "Untitled",
        "transform" : [
          1,
          0,
          0,
          0,
          0,
          0.7071069,
          -0.70710677,
          0,
          0,
          0.70710677,
          0.7071069,
          0,
          0.053568102,
          0.5204235,
          0.32552633,
          1
        ]
      },
      {
        "date" : 798125120.685914,
        "title" : "Untitled",
        "transform" : [
          1,
          0,
          0,
          0,
          0,
          0.7071069,
          -0.70710677,
          0,
          0,
          0.70710677,
          0.7071069,
          0,
          0.032800384,
          0.55386394,
          0.29208598,
          1
        ]
      },
      {
        "date" : 798125118.235166,
        "title" : "Untitled",
        "transform" : [
          1,
          0,
          0,
          0,
          0,
          0.7071069,
          -0.70710677,
          0,
          0,
          0.70710677,
          0.7071069,
          0,
          0.023810899,
          0.6061282,
          0.23982152,
          1
        ]
      },
      {
        "date" : 798125113.08605,
        "title" : "Untitled",
        "transform" : [
          1,
          0,
          0,
          0,
          0,
          0.7071069,
          -0.70710677,
          0,
          0,
          0.70710677,
          0.7071069,
          0,
          0.013588592,
          0.38799074,
          0.15670317,
          1
        ]
      },
      {
        "date" : 798125075.908141,
        "title" : "Untitled",
        "transform" : [
          1,
          0,
          0,
          0,
          0,
          0.7071069,
          -0.70710677,
          0,
          0,
          0.70710677,
          0.7071069,
          0,
          0.013588712,
          0.2849134,
          0.2597806,
          1
        ]
      },
      {
        "date" : 798125066.702805,
        "title" : "Untitled",
        "transform" : [
          1,
          0,
          0,
          0,
          0,
          0.7071069,
          -0.70710677,
          0,
          0,
          0.70710677,
          0.7071069,
          0,
          0.13352154,
          2.7995353,
          2.5525825,
          1
        ]
      },
      {
        "date" : 798125032.61842,
        "title" : "Untitled",
        "transform" : [
          1,
          0,
          0,
          0,
          0,
          0.7071069,
          -0.70710677,
          0,
          0,
          0.70710677,
          0.7071069,
          0,
          0.13938092,
          3.0900311,
          2.2620876,
          1
        ]
      }
    ],
    "F61955FE-7685-4F08-9B97-CC386258F4B2" : [
      {
        "date" : 797953975.060682,
        "title" : "Untitled",
        "transform" : [
          1,
          0,
          0,
          0,
          0,
          0.7071069,
          -0.7071067,
          0,
          0,
          0.7071067,
          0.7071069,
          0,
          0.009087073,
          0.23554522,
          0.28092173,
          1
        ]
      },
      {
        "date" : 797953968.976452,
        "title" : "Untitled",
        "transform" : [
          1,
          0,
          0,
          0,
          0,
          0.7071069,
          -0.7071067,
          0,
          0,
          0.7071067,
          0.7071069,
          0,
          -0.019404924,
          0.19959688,
          0.31687012,
          1
        ]
      },
      {
        "date" : 797953866.082088,
        "title" : "Untitled",
        "transform" : [
          1,
          0,
          0,
          0,
          0,
          0.7071069,
          -0.7071067,
          0,
          0,
          0.7071067,
          0.7071069,
          0,
          -0.007472407,
          0.07686035,
          0.122019686,
          1
        ]
      },
      {
        "date" : 797953860.449947,
        "title" : "Untitled",
        "transform" : [
          1,
          0,
          0,
          0,
          0,
          0.7071069,
          -0.7071067,
          0,
          0,
          0.7071067,
          0.7071069,
          0,
          -0.0031950197,
          0.1052206,
          0.09365946,
          1
        ]
      },
      {
        "date" : 797953858.377834,
        "title" : "Untitled",
        "transform" : [
          1,
          0,
          0,
          0,
          0,
          0.7071069,
          -0.7071067,
          0,
          0,
          0.7071067,
          0.7071069,
          0,
          -1.9885875e-09,
          0.10491635,
          0.09396371,
          1
        ]
      },
      {
        "date" : 797953777.214824,
        "title" : "Untitled",
        "transform" : [
          1,
          0,
          -0,
          0,
          -0,
          0.7071069,
          -0.7071067,
          0,
          0,
          0.7071067,
          0.7071069,
          0,
          -2.6783746e-09,
          0.09944,
          0.09944003,
          1
        ]
      },
      {
        "date" : 797953739.721299,
        "title" : "Untitled",
        "transform" : [
          1,
          0,
          0,
          0,
          0,
          0.7071069,
          -0.7071067,
          0,
          0,
          0.7071067,
          0.7071069,
          0,
          -2.6783746e-09,
          0.19065183,
          0.19065188,
          1
        ]
      },
      {
        "date" : 797953734.364616,
        "title" : "Untitled",
        "transform" : [
          1,
          0,
          -0,
          0,
          -0,
          0.7071069,
          -0.7071067,
          0,
          0,
          0.7071067,
          0.7071069,
          0,
          -1.3969839e-09,
          0.099439986,
          0.09944002,
          1
        ]
      },
      {
        "date" : 797953726.255387,
        "title" : "Untitled",
        "transform" : [
          1,
          0,
          0,
          0,
          0,
          0.7071069,
          -0.7071067,
          0,
          0,
          0.7071067,
          0.7071069,
          0,
          -0.0035706456,
          0.09433206,
          0.104547895,
          1
        ]
      },
      {
        "date" : 797953724.014933,
        "title" : "Untitled",
        "transform" : [
          1,
          0,
          -0,
          0,
          -0,
          0.7071069,
          -0.7071067,
          0,
          0,
          0.7071067,
          0.7071069,
          0,
          8.032657e-09,
          0.09943998,
          0.09944001,
          1
        ]
      }
    ]
  },
  "sceneViewportBackgroundColors" : {

  },
  "selectedSceneRelativePath" : "planetario\/escena.usda"
}